//Leadwerks Material File

blendmode=0
castshadows=1
zsort=0
cullbackfaces=1
depthtest=1
pickmode=1
depthmask=1
diffuse=0.141176477,0.486274511,0.0549019612,1.00000000
specular=0.501960814,0.501960814,0.501960814,0.501960814
alwaysuseshader=0
roughness=0.00000000000000000
mappingscale=1.00000000,1.00000000,1.00000000
drawmode=-1

