//Leadwerks Material File

blendmode=1
castshadows=1
zsort=0
cullbackfaces=1
depthtest=1
pickmode=0
depthmask=1
diffuse=1.00000000,0.913725495,0.309803933,1.00000000
specular=1.00000000,1.00000000,1.00000000,0.501960814
alwaysuseshader=0
roughness=0.00000000000000000
mappingscale=1.00000000,1.00000000,1.00000000
drawmode=-1

