//Leadwerks Material File

blendmode=0
castshadows=1
zsort=0
cullbackfaces=1
depthtest=1
pickmode=1
depthmask=1
diffuse=0.980392158,0.721568644,0.462745100,1.00000000
specular=0.501960814,0.501960814,0.501960814,0.501960814
alwaysuseshader=0
roughness=1.0000000000000000
mappingscale=1.00000000,1.00000000,1.00000000
drawmode=-1

