//Leadwerks Material File

blendmode=0
castshadows=0
zsort=1
cullbackfaces=1
depthtest=1
pickmode=0
depthmask=0
diffuse=0.733333349,0.843137264,0.843137264,0.235294119
specular=0.501960814,0.501960814,0.501960814,0.501960814
alwaysuseshader=0
roughness=0.50000000000000000
mappingscale=1.00000000,1.00000000,1.00000000
drawmode=-1

shader="Shaders/Model/transparent.shader"
