//Leadwerks Material File

blendmode=5
castshadows=0
zsort=0
cullbackfaces=1
depthtest=0
pickmode=0
depthmask=0
diffuse=1.00000000,1.00000000,1.00000000,1.00000000
specular=0.501960814,0.501960814,0.501960814,0.501960814
alwaysuseshader=0
roughness=0.50000000000000000
mappingscale=1.00000000,1.00000000,1.00000000
drawmode=-1

