//Leadwerks Material File

blendmode=0
castshadows=1
zsort=0
cullbackfaces=1
depthtest=1
pickmode=1
depthmask=1
diffuse=0.466666669,0.274509817,0.184313729,1.00000000
specular=0.501960814,0.501960814,0.501960814,0.501960814
alwaysuseshader=0
roughness=1.0000000000000000
mappingscale=1.00000000,1.00000000,1.00000000
drawmode=-1

